x=[2*10^5	3*10^5	4*10^5	5*10^5	6*10^5	7*10^5	8*10^5];
y=[0
0.02
0.04
0.06
0.08
0.1
0.12
0.14
0.16
0.18
0.2
0.22
0.24
0.26
0.28
0.3
0.32
0.34
0.36
0.38
0.4
0.42
0.44
0.46
0.48
0.5
0.52
0.54
0.56
0.58
0.6
0.62
0.64
0.66
0.68
0.7
0.72
0.74
0.76
0.78
0.8
0.82
0.84
0.86
0.88
0.9
0.92
0.94
0.96
0.98
1];

z=[0.893557423	1.334431826	1.76701406	2.210901891	2.65062	3.098039216	3.535707573
0.889544232	1.329317132	1.768999823	2.210275377	2.651059494	3.097292955	3.537646483
0.88977468	1.329177076	1.770367137	2.212292418	2.650823627	3.096706486	3.537671284
0.890037026	1.32903702	1.770665012	2.210912762	2.65001	3.096886066	3.537531229
0.890172525	1.328896964	1.770595806	2.210349468	2.65001	3.09689394	3.537391173
0.89003247	1.328756908	1.77045575	2.211078831	2.650495729	3.096518488	3.537251117
0.889605908	1.328616852	1.770315694	2.21080373	2.650969027	3.095816937	3.53711106
0.890124158	1.328476796	1.770175638	2.2113602	2.650683407	3.096200192	3.536971004
0.889868206	1.32833674	1.770035582	2.20966681	2.651906142	3.09592053	3.536830949
0.889017257	1.328196684	1.769895526	2.212285738	2.650389865	3.09536602	3.536690893
0.888685373	1.328056628	1.769224648	2.208453339	2.651114123	3.095348333	3.536550836
0.888993644	1.327916572	1.768619722	2.208571694	2.65001	3.095131682	3.53641078
0.889025878	1.327776516	1.769227799	2.209860701	2.65001	3.095007378	3.536270724
0.888909348	1.32763646	1.768834727	2.209370085	2.650548237	3.094970731	3.536130669
0.888682238	1.327496404	1.768206802	2.209220986	2.650020061	3.095333091	3.535990613
0.888371041	1.327356348	1.768779253	2.209750424	2.650721715	3.09481879	3.535850556
0.888509985	1.327216292	1.768915133	2.209056811	2.65124333	3.094957363	3.5357105
0.888723597	1.327076236	1.768738937	2.210312939	2.650443615	3.095146008	3.535570444
0.888583541	1.32693618	1.768171377	2.207812855	2.652568958	3.095102833	3.535430389
0.888428563	1.326796124	1.768053046	2.208657397	2.650189849	3.093892034	3.535290333
0.888080693	1.326656068	1.768350921	2.209055881	2.651214628	3.093994996	3.535150276
0.887948242	1.327080992	1.768214854	2.207628981	2.651663999	3.094158867	3.53501022
0.887909758	1.328073234	1.767700747	2.208541014	2.651859082	3.093777616	3.534870164
0.887294698	1.3262359	1.766828091	2.207849946	2.652611055	3.093893788	3.534730109
0.887738546	1.326095844	1.767653367	2.208333333	2.651902449	3.093537618	3.534590052
0.88587203	1.325955788	1.76765463	2.207080768	2.651581098	3.092968625	3.534449996
0.88411689	1.325815732	1.765992963	2.20638947	2.651953986	3.091732573	3.533192156
0.883976834	1.32535779	1.761690194	2.20386598	2.647704111	3.086250906	3.526094395
0.883836778	1.324134134	1.760741345	2.200095263	2.643842974	3.077812098	3.51826953
0.88144984	1.319237641	1.751859748	2.193025949	2.634714895	3.065952986	3.503464389
0.872958536	1.309613395	1.74266342	2.179148162	2.619337835	3.047786852	3.483989545
0.86660707	1.299839444	1.731612375	2.162789338	2.599467808	3.025424521	3.457724485
0.855332017	1.2850105	1.714582677	2.143432552	2.574678472	2.99812466	3.42510073
0.846035002	1.275990309	1.69561864	2.119201423	2.545108212	2.961184812	3.386518078
0.834264724	1.255564193	1.667485593	2.088588604	2.510484116	2.923336575	3.339044694
0.823519138	1.237601621	1.641990389	2.05654437	2.468146597	2.875657433	3.284395179
0.807248375	1.212714613	1.612769378	2.015913546	2.422642504	2.821346333	3.224630793
0.792246312	1.185221433	1.577252853	1.972146477	2.370419193	2.761548579	3.153695246
0.768920885	1.156794492	1.536527533	1.922844326	2.310165374	2.689288203	3.073328791
0.748343538	1.121855773	1.494929458	1.863094578	2.239827731	2.60996151	2.981986613
0.722950726	1.083031662	1.440297808	1.803175164	2.164385426	2.523545918	2.88607431
0.696220624	1.038718919	1.386853305	1.732895027	2.080672695	2.427673075	2.774188864
0.66157211	0.991070031	1.323303441	1.653211697	1.988321466	2.319698051	2.648961882
0.625644583	0.938260075	1.254445629	1.569135836	1.879775748	2.196035467	2.508446479
0.58663861	0.880819203	1.175484359	1.471271429	1.756378242	2.060882849	2.354692259
0.542931789	0.812183793	1.085027646	1.359257579	1.626375894	1.903348947	2.172691725
0.491741435	0.734168834	0.979735406	1.229504231	1.461688306	1.717740741	1.96773081
0.428576877	0.645672499	0.855214816	1.071736641	1.281379008	1.531570677	1.712376107
0.354555201	0.529353304	0.709234612	0.909294852	1.050866896	1.277151187	1.415108383
0.251100357	0.385053209	0.489309221	0.676343217	0.737672706	0.933598739	1.013363529
0.000000001	0.000000001	0.000000001	0.000000001	0.000000001	0.000000001	0.000000001
];